Prime Numbers:
2, 3, 5, 7, 
11, 13, 17, 19, 
23, 29, 
31, 37, 
41, 43, 47, 
53, 59, 
61, 67, 
71, 73, 79, 
83, 89, 
97, 
101, 199
 
Composite Numbers:
{ !Prime }

	square, cubes, roots
1	1	1	1 
2	4	8	1.414	
3	9	27	1.732
4	16	64	2
5	25	125	2.236
6	36	216	2.450
7	49	343	2.645
8	64	512	2.828  -  2(2)
9	81	729	3
10	100	1000	3.162
11	121	1331	3.316
12	144	1728	3.464  -  2(3)
13	169	2197	3.605
14	196	2744	3.741
15	225	3375	3.872
16	256	4096	4
17	289	4913	4.123
18 	324	5832	4.242  -  3(2)	
19	361	6859	4.358
20	400	8000	4.472  -  2(5)
 












